
#
#Decoder_LDPC_BP_flooding_Gallager_E
#
            0.0100 ||       30 |        0 |        0 | 3.43e-06 | 3.33e-02 ||    4.827 | 00h00'00   
            0.0150 ||       30 |        0 |        0 | 3.43e-06 | 3.33e-02 ||    3.862 | 00h00'00   
            0.0200 ||       30 |        0 |        0 | 3.43e-06 | 3.33e-02 ||    3.335 | 00h00'00   
            0.0250 ||       30 |        0 |        0 | 3.43e-06 | 3.33e-02 ||    2.806 | 00h00'00   
            0.0300 ||       30 |        0 |        0 | 3.43e-06 | 3.33e-02 ||    2.611 | 00h00'00   
            0.0350 ||       30 |        0 |        0 | 3.43e-06 | 3.33e-02 ||    2.303 | 00h00'00   
            0.0400 ||       30 |        0 |        0 | 3.43e-06 | 3.33e-02 ||    2.090 | 00h00'00   
            0.0450 ||       30 |        0 |        0 | 3.43e-06 | 3.33e-02 ||    1.725 | 00h00'00   
            0.0500 ||       30 |        0 |        0 | 3.43e-06 | 3.33e-02 ||    1.569 | 00h00'00   
            0.0550 ||       30 |     3056 |        3 | 1.05e-02 | 1.00e-01 ||    0.726 | 00h00'00   
            0.0600 ||       30 |    23360 |       24 | 8.01e-02 | 8.00e-01 ||    0.178 | 00h00'01   
            0.0650 ||       30 |    31748 |       30 | 1.09e-01 | 1.00e+00 ||    0.149 | 00h00'01   

#
#Decoder_LDPC_BP_peeling
#
            0.0100 ||       30 |     2873 |       30 | 9.85e-03 | 1.00e+00 ||    0.110 | 00h00'02   

#
#Decoder_LDPC_bit_flipping_OMWBF
#
            0.0100 ||       30 |       87 |        9 | 2.98e-04 | 3.00e-01 ||    0.537 | 00h00'00   
            0.0150 ||       30 |     1287 |       30 | 4.41e-03 | 1.00e+00 ||    0.505 | 00h00'00   

#
#Decoder_LDPC_BP_flooding_Update_rule_NMS_Q
#
            0.0100 ||       30 |        0 |        0 | 3.43e-06 | 3.33e-02 ||    0.659 | 00h00'00   
            0.0150 ||       30 |        0 |        0 | 3.43e-06 | 3.33e-02 ||    0.558 | 00h00'00   
            0.0200 ||       30 |        0 |        0 | 3.43e-06 | 3.33e-02 ||    0.522 | 00h00'00   
            0.0250 ||       30 |        0 |        0 | 3.43e-06 | 3.33e-02 ||    0.453 | 00h00'00   
            0.0300 ||       30 |        0 |        0 | 3.43e-06 | 3.33e-02 ||    0.411 | 00h00'00   
            0.0350 ||       30 |        0 |        0 | 3.43e-06 | 3.33e-02 ||    0.371 | 00h00'00   
            0.0400 ||       30 |        0 |        0 | 3.43e-06 | 3.33e-02 ||    0.321 | 00h00'00   
            0.0450 ||       30 |     5642 |        5 | 1.93e-02 | 1.67e-01 ||    0.077 | 00h00'03   
            0.0500 ||       30 |    31007 |       25 | 1.06e-01 | 8.33e-01 ||    0.021 | 00h00'13   
            0.0550 ||       30 |    37195 |       29 | 1.28e-01 | 9.67e-01 ||    0.018 | 00h00'15   
            0.0600 ||       30 |    56390 |       30 | 1.93e-01 | 1.00e+00 ||    0.018 | 00h00'16   

#
#Decoder_LDPC_BP_flooding_Update_rule_SPA_Q
#
            0.0100 ||       30 |        0 |        0 | 3.43e-06 | 3.33e-02 ||    0.531 | 00h00'00   
            0.0150 ||       30 |        0 |        0 | 3.43e-06 | 3.33e-02 ||    0.462 | 00h00'00   
            0.0200 ||       30 |        0 |        0 | 3.43e-06 | 3.33e-02 ||    0.421 | 00h00'00   
            0.0250 ||       30 |        0 |        0 | 3.43e-06 | 3.33e-02 ||    0.390 | 00h00'00   
            0.0300 ||       30 |        0 |        0 | 3.43e-06 | 3.33e-02 ||    0.379 | 00h00'00   
            0.0350 ||       30 |        0 |        0 | 3.43e-06 | 3.33e-02 ||    0.352 | 00h00'00   
            0.0400 ||       30 |        0 |        0 | 3.43e-06 | 3.33e-02 ||    0.320 | 00h00'00   
            0.0450 ||       30 |        0 |        0 | 3.43e-06 | 3.33e-02 ||    0.294 | 00h00'00   
            0.0500 ||       30 |        0 |        0 | 3.43e-06 | 3.33e-02 ||    0.277 | 00h00'01   
            0.0550 ||       30 |        0 |        0 | 3.43e-06 | 3.33e-02 ||    0.260 | 00h00'01   
            0.0600 ||       30 |        0 |        0 | 3.43e-06 | 3.33e-02 ||    0.235 | 00h00'01   
            0.0650 ||       30 |        0 |        0 | 3.43e-06 | 3.33e-02 ||    0.223 | 00h00'01   
            0.0700 ||       30 |        0 |        0 | 3.43e-06 | 3.33e-02 ||    0.200 | 00h00'01   
            0.0750 ||       30 |        0 |        0 | 3.43e-06 | 3.33e-02 ||    0.177 | 00h00'01   
            0.0800 ||       30 |        0 |        0 | 3.43e-06 | 3.33e-02 ||    0.159 | 00h00'01   
            0.0850 ||       30 |        0 |        0 | 3.43e-06 | 3.33e-02 ||    0.138 | 00h00'02   
            0.0900 ||       30 |        0 |        0 | 3.43e-06 | 3.33e-02 ||    0.120 | 00h00'02   
            0.0950 ||       30 |        0 |        0 | 3.43e-06 | 3.33e-02 ||    0.091 | 00h00'03   
            0.1000 ||       30 |     5804 |        6 | 1.99e-02 | 2.00e-01 ||    0.036 | 00h00'08   
            0.1050 ||       30 |    14147 |       14 | 4.85e-02 | 4.67e-01 ||    0.021 | 00h00'13   
            0.1100 ||       30 |    31435 |       30 | 1.08e-01 | 1.00e+00 ||    0.013 | 00h00'22   

#
#Decoder_LDPC_BP_flooding_Update_rule_AMS_min_Q
#
            0.0100 ||       30 |        0 |        0 | 3.43e-06 | 3.33e-02 ||    0.736 | 00h00'00   
            0.0150 ||       30 |        0 |        0 | 3.43e-06 | 3.33e-02 ||    0.624 | 00h00'00   
            0.0200 ||       30 |        0 |        0 | 3.43e-06 | 3.33e-02 ||    0.586 | 00h00'00   
            0.0250 ||       30 |        0 |        0 | 3.43e-06 | 3.33e-02 ||    0.517 | 00h00'00   
            0.0300 ||       30 |        0 |        0 | 3.43e-06 | 3.33e-02 ||    0.471 | 00h00'00   
            0.0350 ||       30 |        0 |        0 | 3.43e-06 | 3.33e-02 ||    0.420 | 00h00'00   
            0.0400 ||       30 |        0 |        0 | 3.43e-06 | 3.33e-02 ||    0.365 | 00h00'00   
            0.0450 ||       30 |     5642 |        5 | 1.93e-02 | 1.67e-01 ||    0.090 | 00h00'03   
            0.0500 ||       30 |    31007 |       25 | 1.06e-01 | 8.33e-01 ||    0.025 | 00h00'11   
            0.0550 ||       30 |    37195 |       29 | 1.28e-01 | 9.67e-01 ||    0.022 | 00h00'13   
            0.0600 ||       30 |    56390 |       30 | 1.93e-01 | 1.00e+00 ||    0.021 | 00h00'14   
